The recorded sample is:::
4.432356
2.543748
3.942106
3.367992
3.772668
3.876308
1.516617
3.028993
4.330546
1.494400
1.045045
4.521592
3.939665
1.445326
3.739341
4.149266
3.871059
3.371899
2.305948
2.887631
1.910916
1.776147
3.654134
2.761528
1.728904
2.417158
2.204260
3.418043
1.659322
4.465438
3.923795
2.519089
4.022676
1.039918
3.214301
1.580462
4.109592
4.754997
4.775628
4.880245

The sorted sample(in ascending order) is:::
1.039918
1.045045
1.445326
1.494400
1.516617
1.580462
1.659322
1.728904
1.776147
1.910916
2.204260
2.305948
2.417158
2.519089
2.543748
2.761528
2.887631
3.028993
3.214301
3.367992
3.371899
3.418043
3.654134
3.739341
3.772668
3.871059
3.876308
3.923795
3.939665
3.942106
4.022676
4.109592
4.149266
4.330546
4.432356
4.465438
4.521592
4.754997
4.775628
4.880245

The median of the sample is 3.369946