2021


MONTH 	 --> 	 JANUARY
------------------------------
SUN	MON	TUE	WED	THU	FRI	SAT	
   	   	   	   	   	  1	  2	
  3	  4	  5	  6	  7	  8	  9	
 10	 11	 12	 13	 14	 15	 16	
 17	 18	 19	 20	 21	 22	 23	
 24	 25	 26	 27	 28	 29	 30	
 31	

MONTH 	 --> 	 FEBRUARY
------------------------------
SUN	MON	TUE	WED	THU	FRI	SAT	
   	  1	  2	  3	  4	  5	  6	
  7	  8	  9	 10	 11	 12	 13	
 14	 15	 16	 17	 18	 19	 20	
 21	 22	 23	 24	 25	 26	 27	
 28	

MONTH 	 --> 	 MARCH
------------------------------
SUN	MON	TUE	WED	THU	FRI	SAT	
   	  1	  2	  3	  4	  5	  6	
  7	  8	  9	 10	 11	 12	 13	
 14	 15	 16	 17	 18	 19	 20	
 21	 22	 23	 24	 25	 26	 27	
 28	 29	 30	 31	

MONTH 	 --> 	 APRIL
------------------------------
SUN	MON	TUE	WED	THU	FRI	SAT	
   	   	   	   	  1	  2	  3	
  4	  5	  6	  7	  8	  9	 10	
 11	 12	 13	 14	 15	 16	 17	
 18	 19	 20	 21	 22	 23	 24	
 25	 26	 27	 28	 29	 30	

MONTH 	 --> 	 MAY
------------------------------
SUN	MON	TUE	WED	THU	FRI	SAT	
   	   	   	   	   	   	  1	
  2	  3	  4	  5	  6	  7	  8	
  9	 10	 11	 12	 13	 14	 15	
 16	 17	 18	 19	 20	 21	 22	
 23	 24	 25	 26	 27	 28	 29	
 30	 31	

MONTH 	 --> 	 JUNE
------------------------------
SUN	MON	TUE	WED	THU	FRI	SAT	
   	   	  1	  2	  3	  4	  5	
  6	  7	  8	  9	 10	 11	 12	
 13	 14	 15	 16	 17	 18	 19	
 20	 21	 22	 23	 24	 25	 26	
 27	 28	 29	 30	

MONTH 	 --> 	 JULY
------------------------------
SUN	MON	TUE	WED	THU	FRI	SAT	
   	   	   	   	  1	  2	  3	
  4	  5	  6	  7	  8	  9	 10	
 11	 12	 13	 14	 15	 16	 17	
 18	 19	 20	 21	 22	 23	 24	
 25	 26	 27	 28	 29	 30	 31	


MONTH 	 --> 	 AUGUST
------------------------------
SUN	MON	TUE	WED	THU	FRI	SAT	
  1	  2	  3	  4	  5	  6	  7	
  8	  9	 10	 11	 12	 13	 14	
 15	 16	 17	 18	 19	 20	 21	
 22	 23	 24	 25	 26	 27	 28	
 29	 30	 31	

MONTH 	 --> 	 SEPTEMBER
------------------------------
SUN	MON	TUE	WED	THU	FRI	SAT	
   	   	   	  1	  2	  3	  4	
  5	  6	  7	  8	  9	 10	 11	
 12	 13	 14	 15	 16	 17	 18	
 19	 20	 21	 22	 23	 24	 25	
 26	 27	 28	 29	 30	

MONTH 	 --> 	 OCTOBER
------------------------------
SUN	MON	TUE	WED	THU	FRI	SAT	
   	   	   	   	   	  1	  2	
  3	  4	  5	  6	  7	  8	  9	
 10	 11	 12	 13	 14	 15	 16	
 17	 18	 19	 20	 21	 22	 23	
 24	 25	 26	 27	 28	 29	 30	
 31	

MONTH 	 --> 	 NOVEMBER
------------------------------
SUN	MON	TUE	WED	THU	FRI	SAT	
   	  1	  2	  3	  4	  5	  6	
  7	  8	  9	 10	 11	 12	 13	
 14	 15	 16	 17	 18	 19	 20	
 21	 22	 23	 24	 25	 26	 27	
 28	 29	 30	

MONTH 	 --> 	 DECEMBER
------------------------------
SUN	MON	TUE	WED	THU	FRI	SAT	
   	   	   	  1	  2	  3	  4	
  5	  6	  7	  8	  9	 10	 11	
 12	 13	 14	 15	 16	 17	 18	
 19	 20	 21	 22	 23	 24	 25	
 26	 27	 28	 29	 30	 31	